{
 "cells": [
  {
   "cell_type": "markdown",
   "metadata": {},
   "source": [
    "# Phase 3 - Modeling\n",
    "\n",
    "**Note 1: the following starting code only generates a single random train/test split when default_seed is used. You need to modify the code to generate 100 independent train/test splits with different seeds and report the average results on those independent splits along with standard deviation.**\n",
    "\n",
    "**Note 2: You are completely free to use your own implementation.**"
   ]
  },
  {
   "cell_type": "code",
   "execution_count": 1,
   "metadata": {
    "scrolled": true
   },
   "outputs": [],
   "source": [
    "# Load general utilities\n",
    "# ----------------------\n",
    "import pandas as pd\n",
    "import matplotlib.pyplot as plt\n",
    "import matplotlib.axes as ax\n",
    "import datetime\n",
    "import numpy as np\n",
    "import pickle\n",
    "import time\n",
    "import seaborn as sns\n",
    "pd.set_option('display.max_rows',99999999)\n",
    "pd.set_option('display.max_columns',100)\n",
    "pd.set_option('display.max_colwidth',100)\n",
    "pd.set_option('display.width',None)\n",
    "\n",
    "# Load sklearn utilities\n",
    "# ----------------------\n",
    "from sklearn.model_selection import train_test_split\n",
    "from sklearn import preprocessing\n",
    "from sklearn.model_selection import GridSearchCV\n",
    "\n",
    "from sklearn.metrics import accuracy_score, classification_report, roc_auc_score, roc_curve, brier_score_loss, mean_squared_error, r2_score\n",
    "from sklearn.metrics import precision_score,recall_score,f1_score\n",
    "from sklearn.calibration import calibration_curve\n",
    "\n",
    "# Load classifiers\n",
    "# ----------------\n",
    "from sklearn.linear_model import LogisticRegression\n",
    "from sklearn.linear_model import RidgeClassifier\n",
    "from sklearn.tree import DecisionTreeClassifier\n",
    "from sklearn.ensemble import RandomForestClassifier\n",
    "from sklearn.naive_bayes import GaussianNB\n",
    "from sklearn.neural_network import MLPClassifier\n",
    "from sklearn.ensemble import GradientBoostingClassifier\n",
    "from sklearn.ensemble import BaggingClassifier\n",
    "\n",
    "# Other Packages\n",
    "# --------------\n",
    "from scipy.stats import kendalltau\n",
    "from sklearn.neural_network import MLPRegressor\n",
    "from sklearn import linear_model\n",
    "from sklearn.ensemble import RandomForestRegressor\n",
    "from sklearn.cluster import KMeans\n",
    "from sklearn.externals.six import StringIO  \n",
    "from IPython.display import Image  \n",
    "from sklearn.tree import export_graphviz\n",
    "from scipy.interpolate import spline\n",
    "\n",
    "# Load debugger, if required\n",
    "#import pixiedust\n",
    "pd.options.mode.chained_assignment = None #'warn'\n",
    "\n",
    "# suppress all warnings\n",
    "import warnings\n",
    "warnings.filterwarnings(\"ignore\")"
   ]
  },
  {
   "cell_type": "code",
   "execution_count": 2,
   "metadata": {},
   "outputs": [],
   "source": [
    "# Define a function that, given a CVGridSearch object, finds the\n",
    "# percentage difference between the best and worst scores\n",
    "def find_score_variation(cv_model):\n",
    "    all_scores = cv_model.cv_results_['mean_test_score']\n",
    "    return( np.abs((max(all_scores) - min(all_scores))) * 100 / max(all_scores) )\n",
    "\n",
    "    '''\n",
    "    which_min_score = np.argmin(all_scores)\n",
    "    \n",
    "    all_perc_diff = []\n",
    "    \n",
    "    try:\n",
    "        all_perc_diff.append( np.abs(all_scores[which_min_score - 1] - all_scores[which_min_score])*100 / min(all_scores) )\n",
    "    except:\n",
    "        pass\n",
    "    \n",
    "    try:\n",
    "        all_perc_diff.append( np.abs(all_scores[which_min_score + 1] - all_scores[which_min_score])*100 / min(all_scores) )\n",
    "    except:\n",
    "        pass\n",
    "    \n",
    "    return ( np.mean(all_perc_diff) )\n",
    "    '''\n",
    "\n",
    "# Define a function that checks, given a CVGridSearch object,\n",
    "# whether the optimal parameters lie on the edge of the search\n",
    "# grid\n",
    "def find_opt_params_on_edge(cv_model):\n",
    "    out = False\n",
    "    \n",
    "    for i in cv_model.param_grid:\n",
    "        if cv_model.best_params_[i] in [ cv_model.param_grid[i][0], cv_model.param_grid[i][-1] ]:\n",
    "            out = True\n",
    "            break\n",
    "            \n",
    "    return out"
   ]
  },
  {
   "cell_type": "markdown",
   "metadata": {},
   "source": [
    "## Define a default random seed and an output file"
   ]
  },
  {
   "cell_type": "code",
   "execution_count": 3,
   "metadata": {},
   "outputs": [],
   "source": [
    "default_seed = 1\n",
    "output_file = \"output_sample\""
   ]
  },
  {
   "cell_type": "code",
   "execution_count": 4,
   "metadata": {},
   "outputs": [],
   "source": [
    "# Create a function to print a line to our output file\n",
    "\n",
    "def dump_to_output(key, value):\n",
    "    with open(output_file, \"a\") as f:\n",
    "        f.write(\",\".join([str(default_seed), key, str(value)]) + \"\\n\")"
   ]
  },
  {
   "cell_type": "markdown",
   "metadata": {},
   "source": [
    "## Load the data and engineer the features"
   ]
  },
  {
   "cell_type": "code",
   "execution_count": 5,
   "metadata": {},
   "outputs": [],
   "source": [
    "# Read the data and features from the pickle file saved in CS-Phase 2\n",
    "data, discrete_features, continuous_features, ret_cols = pickle.load( open( \"clean_data.pickle\", \"rb\" ) )"
   ]
  },
  {
   "cell_type": "code",
   "execution_count": 6,
   "metadata": {},
   "outputs": [],
   "source": [
    "## Create the outcome columns: True if loan_status is either Charged Off or Default, False otherwise\n",
    "data[\"outcome\"] = np.where(data.loan_status.isin(['Charged Off','Default']),True,False)"
   ]
  },
  {
   "cell_type": "code",
   "execution_count": 7,
   "metadata": {},
   "outputs": [],
   "source": [
    "# Create a feature for the length of a person's credit history at the time the loan is issued\n",
    "data['cr_hist'] = (data.issue_d - data.earliest_cr_line) / np.timedelta64(1, 'M')\n",
    "continuous_features.append('cr_hist')"
   ]
  },
  {
   "cell_type": "code",
   "execution_count": 8,
   "metadata": {},
   "outputs": [
    {
     "data": {
      "text/plain": [
       "1    613864\n",
       "0    263417\n",
       "Name: train, dtype: int64"
      ]
     },
     "execution_count": 8,
     "metadata": {},
     "output_type": "execute_result"
    }
   ],
   "source": [
    "# Randomly assign each row to a training and test set. We do this now because we will be fitting a variety of models on various time periods, and we would like every period to use the *same* training/test split\n",
    "np.random.seed(default_seed)\n",
    "## create the train columns where the value is True if it is a train instance and False otherwise. Hint: use np.random.choice with 70% for training and 30% for testing\n",
    "p=[0.3,0.7]\n",
    "data['train'] = np.random.choice(len(p),len(data),p=p)\n",
    "data.train.value_counts()"
   ]
  },
  {
   "cell_type": "code",
   "execution_count": 9,
   "metadata": {
    "scrolled": true
   },
   "outputs": [
    {
     "data": {
      "text/plain": [
       "['loan_amnt',\n",
       " 'funded_amnt',\n",
       " 'installment',\n",
       " 'annual_inc',\n",
       " 'dti',\n",
       " 'delinq_2yrs',\n",
       " 'open_acc',\n",
       " 'pub_rec',\n",
       " 'fico_range_high',\n",
       " 'fico_range_low',\n",
       " 'revol_bal',\n",
       " 'cr_hist']"
      ]
     },
     "execution_count": 9,
     "metadata": {},
     "output_type": "execute_result"
    }
   ],
   "source": [
    "continuous_features"
   ]
  },
  {
   "cell_type": "code",
   "execution_count": 10,
   "metadata": {},
   "outputs": [],
   "source": [
    "datafr = data.head(800)\n",
    "q = datafr['annual_inc']"
   ]
  },
  {
   "cell_type": "code",
   "execution_count": 11,
   "metadata": {},
   "outputs": [],
   "source": [
    "# Create a matrix of features and outcomes, with dummies. Record the names of the dummies for later use\n",
    "X_continuous = data[continuous_features].values\n",
    "\n",
    "X_discrete = pd.get_dummies(data[discrete_features], dummy_na = True, \n",
    "                            prefix_sep = \"::\", drop_first = True)\n",
    "\n",
    "discrete_features_dummies = X_discrete.columns.tolist()\n",
    "\n",
    "X_discrete = X_discrete.values\n",
    "\n",
    "X = np.concatenate( (X_continuous, X_discrete), axis = 1 )\n",
    "\n",
    "y = data.outcome.values\n",
    "\n",
    "train = data.train.values"
   ]
  },
  {
   "cell_type": "code",
   "execution_count": 12,
   "metadata": {},
   "outputs": [],
   "source": [
    "all_col = continuous_features + discrete_features_dummies\n",
    "\n",
    "df = pd.DataFrame(X,y,columns=all_col)\n",
    "\n",
    "df = df.reset_index()\n",
    "\n",
    "df.drop(columns=['index'], inplace = True)\n",
    "\n",
    "columns_to_remove = ['home_ownership::nan','purpose::nan',\n",
    "                     'emp_length::nan','verification_status::nan',\n",
    "                     'term::nan','grade::nan']\n",
    "\n",
    "df.drop(columns=columns_to_remove, inplace = True)\n",
    "\n",
    "#Scaling the dataset\n",
    "data_scaled = (df - df.mean()) / (df.std())\n",
    "\n",
    "#Updating the discrete_features\n",
    "for x in columns_to_remove:\n",
    "    discrete_features_dummies.remove(x)"
   ]
  },
  {
   "cell_type": "markdown",
   "metadata": {},
   "source": [
    "### Creating the new X and Y based on feature selection ( NaN as of now )"
   ]
  },
  {
   "cell_type": "code",
   "execution_count": 13,
   "metadata": {},
   "outputs": [],
   "source": [
    "# Create a matrix of features and outcomes, with dummies. Record the names of the dummies for later use\n",
    "X_continuous = df[continuous_features].values\n",
    "\n",
    "X_discrete = df[discrete_features_dummies].values\n",
    "\n",
    "X = np.concatenate( (X_continuous, X_discrete), axis = 1 )\n",
    "\n",
    "y = data.outcome.values\n",
    "\n",
    "train = data.train.values"
   ]
  },
  {
   "cell_type": "code",
   "execution_count": 14,
   "metadata": {},
   "outputs": [
    {
     "data": {
      "text/html": [
       "<script type=\"text/javascript\">window.PlotlyConfig = {MathJaxConfig: 'local'};</script><script type=\"text/javascript\">if (window.MathJax) {MathJax.Hub.Config({SVG: {font: \"STIX-Web\"}});}</script><script>requirejs.config({paths: { 'plotly': ['https://cdn.plot.ly/plotly-latest.min']},});if(!window._Plotly) {require(['plotly'],function(plotly) {window._Plotly=plotly;});}</script>"
      ],
      "text/vnd.plotly.v1+html": [
       "<script type=\"text/javascript\">window.PlotlyConfig = {MathJaxConfig: 'local'};</script><script type=\"text/javascript\">if (window.MathJax) {MathJax.Hub.Config({SVG: {font: \"STIX-Web\"}});}</script><script>requirejs.config({paths: { 'plotly': ['https://cdn.plot.ly/plotly-latest.min']},});if(!window._Plotly) {require(['plotly'],function(plotly) {window._Plotly=plotly;});}</script>"
      ]
     },
     "metadata": {},
     "output_type": "display_data"
    },
    {
     "data": {
      "application/vnd.plotly.v1+json": {
       "config": {
        "linkText": "Export to plot.ly",
        "plotlyServerURL": "https://plot.ly",
        "showLink": false
       },
       "data": [
        {
         "colorbar": {
          "title": {
           "side": "right",
           "text": "Pearson Correlation coefficient"
          }
         },
         "colorscale": "Viridis",
         "type": "heatmap",
         "uid": "ff928ea4-83c6-4e4b-bb4f-38385f8e1e67",
         "x": [
          "loan_amnt",
          "funded_amnt",
          "installment",
          "annual_inc",
          "dti",
          "delinq_2yrs",
          "open_acc",
          "pub_rec",
          "fico_range_high",
          "fico_range_low",
          "revol_bal",
          "cr_hist",
          "home_ownership::MORTGAGE",
          "home_ownership::NONE",
          "home_ownership::OTHER",
          "home_ownership::OWN",
          "home_ownership::RENT",
          "emp_length::10+ years",
          "emp_length::2 years",
          "emp_length::3 years",
          "emp_length::4 years",
          "emp_length::5 years",
          "emp_length::6 years",
          "emp_length::7 years",
          "emp_length::8 years",
          "emp_length::9 years",
          "emp_length::< 1 year",
          "verification_status::Source Verified",
          "verification_status::Verified",
          "grade::B",
          "grade::C",
          "grade::D",
          "grade::E",
          "grade::F",
          "grade::G",
          "purpose::credit_card",
          "purpose::debt_consolidation",
          "purpose::educational",
          "purpose::home_improvement",
          "purpose::house",
          "purpose::major_purchase",
          "purpose::medical",
          "purpose::moving",
          "purpose::other",
          "purpose::renewable_energy",
          "purpose::small_business",
          "purpose::vacation",
          "purpose::wedding",
          "term:: 60 months"
         ],
         "y": [
          "loan_amnt",
          "funded_amnt",
          "installment",
          "annual_inc",
          "dti",
          "delinq_2yrs",
          "open_acc",
          "pub_rec",
          "fico_range_high",
          "fico_range_low",
          "revol_bal",
          "cr_hist",
          "home_ownership::MORTGAGE",
          "home_ownership::NONE",
          "home_ownership::OTHER",
          "home_ownership::OWN",
          "home_ownership::RENT",
          "emp_length::10+ years",
          "emp_length::2 years",
          "emp_length::3 years",
          "emp_length::4 years",
          "emp_length::5 years",
          "emp_length::6 years",
          "emp_length::7 years",
          "emp_length::8 years",
          "emp_length::9 years",
          "emp_length::< 1 year",
          "verification_status::Source Verified",
          "verification_status::Verified",
          "grade::B",
          "grade::C",
          "grade::D",
          "grade::E",
          "grade::F",
          "grade::G",
          "purpose::credit_card",
          "purpose::debt_consolidation",
          "purpose::educational",
          "purpose::home_improvement",
          "purpose::house",
          "purpose::major_purchase",
          "purpose::medical",
          "purpose::moving",
          "purpose::other",
          "purpose::renewable_energy",
          "purpose::small_business",
          "purpose::vacation",
          "purpose::wedding",
          "term:: 60 months"
         ],
         "z": [
          [
           1,
           0.9993193675042185,
           0.9517269345585869,
           0.3074990775658757,
           0.0307198696993819,
           -0.004287977115472379,
           0.18350923874953856,
           -0.07373925366122772,
           0.11465598467075899,
           0.11465696119018269,
           0.3135001480649079,
           0.1595617584883766,
           0.1725868975124581,
           -0.0013775180337050781,
           -0.0008990215346355244,
           -0.020958894926987357,
           -0.16284472061736108,
           0.07998456171388232,
           -0.029275785732135986,
           -0.023083731244992658,
           -0.016957158752042713,
           -0.012650333202332484,
           -0.006447533288658333,
           -0.0010554626331346984,
           0.0050644302562399554,
           0.0061963580609953675,
           -0.030023956669003846,
           0.05330397091906867,
           0.1552778222179438,
           -0.06285083678127029,
           -0.01646521950735869,
           0.01903590028147303,
           0.09064154374546149,
           0.05939422623919044,
           0.027780525109841313,
           0.038996640995381276,
           0.10320903982285308,
           -0.00897631313990337,
           -0.014240945418335907,
           0.001998687257480228,
           -0.05293746295073134,
           -0.06631689973440233,
           -0.06434785757487252,
           -0.13223576633020745,
           -0.015163136680957208,
           0.005613515995916226,
           -0.07815715195089809,
           -0.01983238530802385,
           0.36492213871852996
          ],
          [
           0.9993193675042185,
           1,
           0.9527943546245813,
           0.30738133714984095,
           0.03141039631218555,
           -0.003974882008441036,
           0.18398920807536692,
           -0.07340360246305279,
           0.11323224017363097,
           0.11323318419436852,
           0.31341317892400755,
           0.15967888810441996,
           0.17241625656687445,
           -0.0013701020854994651,
           -0.000981471418726517,
           -0.02080362188557198,
           -0.1627662157325459,
           0.08016527589029597,
           -0.0292669079823118,
           -0.02324894238096239,
           -0.01703137826107145,
           -0.012709214913699349,
           -0.0065416624674314245,
           -0.0009976660335167496,
           0.005098281739294873,
           0.006271038126419397,
           -0.030069911794791567,
           0.05377910354069826,
           0.15444843481603118,
           -0.0628502059938372,
           -0.016083681061785184,
           0.019215072457759948,
           0.0901896529216479,
           0.05895527907157751,
           0.027691258081411724,
           0.039352270694978486,
           0.10342444504492726,
           -0.009095915196436813,
           -0.014423000764166432,
           0.0017949123436377219,
           -0.05314359482325096,
           -0.06632696836759093,
           -0.06442667683019034,
           -0.13238855196176366,
           -0.015261082131943384,
           0.004634664822513169,
           -0.07817322774654738,
           -0.020183403126617427,
           0.36356477953593785
          ],
          [
           0.9517269345585869,
           0.9527943546245813,
           1,
           0.29779141406776416,
           0.03200082778539829,
           0.004294088369960246,
           0.1729168737746071,
           -0.06291853993986786,
           0.0660056804477261,
           0.06600625075686083,
           0.3012092748644168,
           0.14236162966181357,
           0.1429308585751644,
           -0.0005215570745948214,
           4.815396819601761e-05,
           -0.01649992464574583,
           -0.13542413817387364,
           0.06898656704517923,
           -0.025474001808115453,
           -0.019462148845543502,
           -0.014275252621071878,
           -0.010603950080404366,
           -0.004921540509219995,
           -0.0005816288237969678,
           0.0042479115562097,
           0.00507049674522473,
           -0.026659650033359267,
           0.0416639789228875,
           0.1608533563983613,
           -0.05097958895848894,
           -0.023718663257284073,
           0.023294568627053383,
           0.0711829056276712,
           0.05403638319723226,
           0.026676139620166853,
           0.03458811682061647,
           0.10317407912765326,
           -0.008769841356977538,
           -0.020749409245715517,
           0.004937667911401264,
           -0.054729318109355794,
           -0.06433822289905769,
           -0.06054198496528608,
           -0.12325271475322347,
           -0.014075440232681681,
           0.012914472871162359,
           -0.07556361804571292,
           -0.018148450164751743,
           0.10974624309175879
          ],
          [
           0.3074990775658757,
           0.30738133714984095,
           0.29779141406776416,
           1,
           -0.17240253576098022,
           0.043459726730535074,
           0.13405344708626593,
           -0.008351256083631447,
           0.0801795669014758,
           0.08017899757920756,
           0.2808301905788696,
           0.14000223948248494,
           0.14764940308834337,
           -0.0012932141049490575,
           -0.00209422244137661,
           -0.026359082318061108,
           -0.1341181119257848,
           0.062163551042000414,
           -0.01835096487666308,
           -0.013298143404723805,
           -0.010478399181974338,
           -0.0077125920830680905,
           -0.00529380121760471,
           -0.0044115775411604835,
           0.0007273018899494584,
           -0.0006405581861140525,
           -0.02762342031107652,
           0.047835963566633416,
           0.008753997508717122,
           0.010903486779432432,
           -0.03463469363920484,
           -0.05044166544943856,
           -0.025160512474367323,
           -0.012512894950265384,
           -0.0001919280982756661,
           -0.0010977715598158469,
           -0.02354637621118299,
           -0.003018343044222786,
           0.05956880471647751,
           0.005028164589829251,
           0.00379311250291557,
           -0.0009663125390019649,
           -0.006552655353031195,
           -0.013726507347006344,
           6.2442580758228935e-06,
           0.019447965948058123,
           -0.005289504924118728,
           -0.003251133375469914,
           0.04533651694519772
          ],
          [
           0.0307198696993819,
           0.03141039631218555,
           0.03200082778539829,
           -0.17240253576098022,
           1,
           -0.00695985954668421,
           0.29434961414232635,
           -0.04164747674812344,
           -0.0882664614821152,
           -0.0882636001369855,
           0.13785420057806855,
           0.043190397007675393,
           -0.008358767081065154,
           0.0008153975469709242,
           0.0026084316522033,
           0.023666845976419035,
           -0.006204891888992969,
           0.02782231129879366,
           -0.012964620578879212,
           -0.007637002687843133,
           -0.0042594201982144725,
           -0.0037552363410726397,
           -0.0031535350983395703,
           -0.000930099707659725,
           0.0061692339259069836,
           0.008586746823701138,
           -0.017288081769839824,
           -0.03865744143668412,
           0.09969042409938933,
           -0.06052692889586698,
           0.05206672229670306,
           0.09317614839116325,
           0.07924170635910902,
           0.04017967039968183,
           0.004205021768898209,
           0.010638724857308005,
           0.08887120214046879,
           -0.009257091978632071,
           -0.0721946108441079,
           -0.02781849754855081,
           -0.05938567345558218,
           -0.008311393908337213,
           -0.016712112431048785,
           -0.03206474690076896,
           -0.0063534023120430765,
           -0.0451976161413913,
           -0.007348791805359549,
           -0.021597554514207303,
           0.07074246618155076
          ],
          [
           -0.004287977115472379,
           -0.003974882008441036,
           0.004294088369960246,
           0.043459726730535074,
           -0.00695985954668421,
           1,
           0.05515360985091928,
           -0.017649006032536958,
           -0.17350220169863914,
           -0.17350404019370652,
           -0.02913313725291658,
           0.08712247895649014,
           0.042817265348464924,
           0.001547787538983781,
           -0.0012953410902091314,
           0.0007811160862621688,
           -0.04408333911177621,
           0.032322653632266274,
           0.0037683531875505106,
           -0.009011202829704707,
           -0.013649743543084701,
           -0.014992925281856397,
           -0.010595051682148674,
           -0.009031783571911022,
           -0.0030810613112586694,
           -0.002529482234817143,
           -0.00788550300739293,
           0.020459252408747183,
           -0.009457805548367844,
           0.0020782324473607697,
           0.02758080153095137,
           0.023323458842373822,
           0.011565256679347326,
           0.00659567038084789,
           0.005641466349616861,
           -0.02703067283846826,
           0.00931642358310267,
           -0.0013059517955728295,
           0.017198133263802567,
           0.003169187454600702,
           0.00012429510562946212,
           0.004899510233299085,
           0.003629098442311506,
           0.007498229754258732,
           -0.001231065566976236,
           0.0012686915130442774,
           0.0005766711872733029,
           -0.004825483641403561,
           -0.007747881852425748
          ],
          [
           0.18350923874953856,
           0.18398920807536692,
           0.1729168737746071,
           0.13405344708626593,
           0.29434961414232635,
           0.05515360985091928,
           1,
           -0.021086578019097038,
           0.018595474154396538,
           0.018596850188846825,
           0.2174273898443445,
           0.13851052848962028,
           0.11941451354389086,
           -0.0007247264095032895,
           -0.0005269249700465976,
           -0.004088886128992965,
           -0.11917052851702913,
           0.03612146691471826,
           -0.009739251138343251,
           -0.009145971662630809,
           -0.0063514670814891145,
           -0.006783608860529247,
           -0.006566062754259247,
           -0.005466732051006218,
           0.0014064099194190318,
           0.0013005628030056317,
           -0.014587051968989054,
           -0.011931118759404696,
           0.02664842904452233,
           -0.01628336981032484,
           -0.010469357135986346,
           -0.006822625515106439,
           0.010986224804109808,
           0.007292698627141972,
           0.0035354038554307418,
           0.026727762392771526,
           0.03807246056062426,
           -0.006797901488176315,
           -0.011247560963049626,
           -0.011607544794115014,
           -0.03438538354481159,
           -0.010911509010936937,
           -0.017752229869076853,
           -0.04807011867606739,
           -0.006179688420233837,
           -0.027307312180588544,
           -0.01358965587747128,
           -0.01564680461526476,
           0.06781092943477694
          ],
          [
           -0.07373925366122772,
           -0.07340360246305279,
           -0.06291853993986786,
           -0.008351256083631447,
           -0.04164747674812344,
           -0.017649006032536958,
           -0.021086578019097038,
           1,
           -0.196907468512158,
           -0.1969097003060427,
           -0.09899355374594339,
           0.07771853129766151,
           -0.007368237599407778,
           -0.0022285570421112307,
           -0.002298976283579608,
           0.0029683297241439224,
           0.005639318677938215,
           0.02419246800488703,
           -0.012350299681777182,
           -0.00558871585731314,
           -0.0014074339646828829,
           -0.0014001825788754812,
           0.00019258026049317423,
           0.002458555637153308,
           0.005987130900629182,
           0.0031783765239874313,
           -0.01726617540214303,
           0.040460481419316206,
           0.01395085133693967,
           -0.0009717457414491495,
           0.036718990223933275,
           0.030242241589944905,
           0.016546005456161996,
           0.007269427032318302,
           0.0004527992363626824,
           -0.02659450409471665,
           0.006783577706985358,
           -0.002969209798378848,
           0.027928233190681533,
           -6.545842337566071e-05,
           -0.002988778455190999,
           0.004287886658874646,
           -0.0032464501272535086,
           0.004381519137996041,
           0.0036111199996772913,
           0.008503379712462376,
           0.0006877011194025163,
           -0.012321460640371372,
           -0.0203321855112365
          ],
          [
           0.11465598467075899,
           0.11323224017363097,
           0.0660056804477261,
           0.0801795669014758,
           -0.0882664614821152,
           -0.17350220169863914,
           0.018595474154396538,
           -0.196907468512158,
           1,
           0.9999999390072688,
           0.03702836532444883,
           0.09624860182925621,
           0.10534421496993546,
           -0.0014805145541639444,
           -0.0021873392457077067,
           0.0160339706215965,
           -0.11728486386209877,
           0.016844455550472388,
           -0.007222207878540607,
           -0.00695124087684943,
           -0.004247033048375358,
           8.797252553156188e-05,
           -0.00023180190896229772,
           -0.0015480006143302018,
           -0.00027566255748956523,
           0.001473267130631946,
           -0.0005929010769314107,
           -0.06947174321043417,
           -0.046003330826684355,
           0.01879274674211605,
           -0.17864847135085432,
           -0.17890823499745295,
           -0.11686742974561831,
           -0.06336931032918282,
           -0.027582741148019625,
           -0.02164851294377544,
           -0.0665357043856906,
           0.0056055543029326265,
           0.0702098938761603,
           0.02232705051795622,
           0.06025615986666973,
           0.010774362924790719,
           0.004352398205945401,
           0.018180040393670487,
           0.0028313983860912277,
           0.03111207779429424,
           0.0076856906688579476,
           0.017742826856216285,
           0.0072597922634398595
          ],
          [
           0.11465696119018269,
           0.11323318419436852,
           0.06600625075686083,
           0.08017899757920756,
           -0.0882636001369855,
           -0.17350404019370652,
           0.018596850188846825,
           -0.1969097003060427,
           0.9999999390072688,
           1,
           0.03703066707434361,
           0.09624527916345889,
           0.10534420896074341,
           -0.001480517747772844,
           -0.0021873517897171187,
           0.016033536392175054,
           -0.11728459064870217,
           0.016843107016509654,
           -0.0072220695808743966,
           -0.006950846494359378,
           -0.004246702884892901,
           8.827988320309223e-05,
           -0.00023189865879101232,
           -0.0015478202064798314,
           -0.00027561776310546345,
           0.0014735392973463284,
           -0.0005926614976712098,
           -0.06947215195600837,
           -0.046003971598700365,
           0.01879423116811536,
           -0.1786499804329923,
           -0.17890990356105044,
           -0.11686860344677641,
           -0.06337002014187476,
           -0.027583091267986488,
           -0.021647202207467388,
           -0.06653498048211492,
           0.005605699872755462,
           0.0702082723203696,
           0.02232716866767782,
           0.0602535601477263,
           0.010773204757685955,
           0.00435147908345741,
           0.018179650586712632,
           0.002831549918065568,
           0.03111269446525917,
           0.007685236033150692,
           0.017743329417868783,
           0.0072601355910877135
          ],
          [
           0.3135001480649079,
           0.31341317892400755,
           0.3012092748644168,
           0.2808301905788696,
           0.13785420057806855,
           -0.02913313725291658,
           0.2174273898443445,
           -0.09899355374594339,
           0.03702836532444883,
           0.03703066707434361,
           1,
           0.20234251126855143,
           0.14648638692855043,
           0.00023254201923495336,
           3.229515577846491e-05,
           0.008035764655724727,
           -0.15425466834856535,
           0.08439829536274716,
           -0.026103940636586265,
           -0.023111974556044527,
           -0.019747637188829797,
           -0.015514070115635365,
           -0.010719863019062664,
           -0.007085923402039676,
           -0.0025865679274256165,
           0.0017410115505930046,
           -0.023508650706338365,
           0.0006607238807310953,
           0.06027307452294067,
           0.0037068911901193815,
           -0.017416753175592468,
           -0.027994856479488985,
           -0.008692873401736788,
           -0.006999604199921479,
           -0.00019974834181234522,
           0.07464189552692115,
           -0.008122764310068852,
           -0.004034171400719072,
           -0.01408708573272619,
           -0.015225784308355654,
           -0.03311799245520911,
           -0.01322520865051383,
           -0.02153206605363548,
           -0.04016939088310638,
           -0.003575918268183216,
           -0.010161573200850796,
           -0.017342522794545196,
           -0.011948561992617002,
           0.06854353665365505
          ],
          [
           0.1595617584883766,
           0.15967888810441996,
           0.14236162966181357,
           0.14000223948248494,
           0.043190397007675393,
           0.08712247895649014,
           0.13851052848962028,
           0.07771853129766151,
           0.09624860182925621,
           0.09624527916345889,
           0.20234251126855143,
           1,
           0.16922197188586482,
           0.0010310089449556904,
           0.00019456214238504905,
           0.052055958945423614,
           -0.2047004199636178,
           0.2219263617217177,
           -0.06809352140933995,
           -0.06156310479360368,
           -0.049102940624487154,
           -0.04340837178100253,
           -0.029548348455176596,
           -0.019197344423491396,
           -0.00881718606601583,
           -0.002829762437487481,
           -0.059735998423894446,
           -0.023453491378186177,
           0.05067354641981225,
           0.028247104206085148,
           -0.04107018895049346,
           -0.056032815325073364,
           -0.03812698376792751,
           -0.02613561037956349,
           -0.010041844695385263,
           0.013305811152016086,
           0.000834557859977553,
           -0.005826102613906113,
           0.03668617365975797,
           -0.013754927897295663,
           -0.02239672743171827,
           0.007280032838853197,
           -0.024579663055765786,
           -0.01903418899864773,
           -0.0033952242358330363,
           -0.011368692781170945,
           -0.010211432435761123,
           -0.024125616390247524,
           0.03391116689673664
          ],
          [
           0.1725868975124581,
           0.17241625656687445,
           0.1429308585751644,
           0.14764940308834337,
           -0.008358767081065154,
           0.042817265348464924,
           0.11941451354389086,
           -0.007368237599407778,
           0.10534421496993546,
           0.10534420896074341,
           0.14648638692855043,
           0.16922197188586482,
           1,
           -0.0061449496801733415,
           -0.007069486217300234,
           -0.33420983369915935,
           -0.8117043310926128,
           0.15261646434308798,
           -0.06290710355556985,
           -0.042850158771453276,
           -0.02655027975569189,
           -0.015820648723284047,
           -0.00010610641180695462,
           0.007105043824505553,
           0.015188214506177668,
           0.01564904868766397,
           -0.08204383080986513,
           -0.03517854699045011,
           0.02789165234064282,
           0.01189942498494824,
           -0.0323735213180398,
           -0.04173453031297594,
           -0.02020646810626093,
           -0.015697761478506118,
           -0.004364027844202991,
           -0.017962432304886353,
           -0.004853809274155545,
           -0.005479989576097512,
           0.14016560945445733,
           -0.020795014044060634,
           -0.02014004816655793,
           -0.008336062843572595,
           -0.052412663508776665,
           -0.04445904052840983,
           -0.003931187171899414,
           -0.007573727919327216,
           -0.01774661129829184,
           -0.015412227856170784,
           0.09323077777660364
          ],
          [
           -0.0013775180337050781,
           -0.0013701020854994651,
           -0.0005215570745948214,
           -0.0012932141049490575,
           0.0008153975469709242,
           0.001547787538983781,
           -0.0007247264095032895,
           -0.0022285570421112307,
           -0.0014805145541639444,
           -0.001480517747772844,
           0.00023254201923495336,
           0.0010310089449556904,
           -0.0061449496801733415,
           1,
           -4.4588878240054906e-05,
           -0.002107938416353528,
           -0.005119606216700629,
           0.0009072522094615558,
           0.00045208738394650154,
           7.172771978371517e-05,
           -0.0016230266426617095,
           -0.0009370859825428333,
           0.0018724892299468191,
           0.00026707648709887663,
           -0.0005879933743050722,
           0.0014860391861349761,
           -0.001886713847839104,
           -0.0029069274345517116,
           0.0018067632185576844,
           0.00022949420381776007,
           0.00040369898591253523,
           -3.655593295402563e-05,
           -0.001567037215645726,
           0.0008503744722802687,
           0.004289067061745186,
           0.006796765117933227,
           -0.004466214613999229,
           -6.939838781180906e-05,
           0.0006659450052805434,
           -0.0004146197512075493,
           -0.0009183220394326823,
           -0.0006496461022912399,
           -0.0005173609359008374,
           -0.0014643793926365299,
           -0.0001613662246405807,
           -0.0006468257274522441,
           -0.0005019876357230036,
           -0.00028734966209079246,
           -0.001989707888913635
          ],
          [
           -0.0008990215346355244,
           -0.000981471418726517,
           4.815396819601761e-05,
           -0.00209422244137661,
           0.0026084316522033,
           -0.0012953410902091314,
           -0.0005269249700465976,
           -0.002298976283579608,
           -0.0021873392457077067,
           -0.0021873517897171187,
           3.229515577846491e-05,
           0.00019456214238504905,
           -0.007069486217300234,
           -4.4588878240054906e-05,
           1,
           -0.002425087650353069,
           -0.005889875014523784,
           -0.0004752817115630072,
           -0.000178322851077081,
           0.0006699468273843621,
           8.877407019761873e-05,
           0.0006250013156879359,
           0.001942012007557752,
           -0.0009011019424975339,
           -0.0016430475338734785,
           0.0009299977650705329,
           -0.0004503342169772073,
           -0.004535005767167704,
           0.0014393781330100722,
           0.00041632136972820876,
           0.002365331929332566,
           -0.0007647931710286535,
           -0.0011304261812545954,
           0.0019080938935024823,
           -0.0002893002342627521,
           0.00611969793934385,
           -0.0043581885967940845,
           -7.983970116543102e-05,
           0.0014436695070359376,
           -0.00047700123993041403,
           -0.0010564879029246784,
           -0.0007473884091859171,
           -0.0005952003183359378,
           -0.0009706200292521644,
           -0.00018564453095120542,
           -0.0007441436957138342,
           -0.000577514032949777,
           -0.00033058276821122483,
           -0.002277783027423247
          ],
          [
           -0.020958894926987357,
           -0.02080362188557198,
           -0.01649992464574583,
           -0.026359082318061108,
           0.023666845976419035,
           0.0007811160862621688,
           -0.004088886128992965,
           0.0029683297241439224,
           0.0160339706215965,
           0.016033536392175054,
           0.008035764655724727,
           0.052055958945423614,
           -0.33420983369915935,
           -0.002107938416353528,
           -0.002425087650353069,
           1,
           -0.27844373531231975,
